sElectionAbbr	iBalType	iContestID	iCalcCtstRotation
2014June3 	1	1030	13
2014June3 	1	1040	4
2014June3 	1	1050	4
2014June3 	1	1060	4
2014June3 	1	1070	1
2014June3 	1	1080	7
2014June3 	1	1090	1
2014June3 	1	1100	2
2014June3 	1	1140	3
2014June3 	1	1330	0
2014June3 	1	2604	1
2014June3 	1	2621	2
2014June3 	1	2624	1
2014June3 	1	3001	1
2014June3 	1	4401	0
2014June3 	1	4410	1
2014June3 	1	4420	1
2014June3 	1	4430	2
2014June3 	1	5200	0
2014June3 	1	5209	0
2014June3 	2	1030	14
2014June3 	2	1040	5
2014June3 	2	1050	5
2014June3 	2	1060	5
2014June3 	2	1070	2
2014June3 	2	1080	1
2014June3 	2	1090	2
2014June3 	2	1100	1
2014June3 	2	1150	2
2014June3 	2	1340	0
2014June3 	2	2604	1
2014June3 	2	2621	1
2014June3 	2	2624	2
2014June3 	2	3001	2
2014June3 	2	4401	0
2014June3 	2	4410	1
2014June3 	2	4420	1
2014June3 	2	4430	1
2014June3 	2	5200	0
2014June3 	3	1030	13
2014June3 	3	1040	4
2014June3 	3	1050	4
2014June3 	3	1060	4
2014June3 	3	1070	1
2014June3 	3	1080	7
2014June3 	3	1090	1
2014June3 	3	1100	2
2014June3 	3	1140	3
2014June3 	3	1330	0
2014June3 	3	2604	1
2014June3 	3	2621	2
2014June3 	3	2624	1
2014June3 	3	3001	1
2014June3 	3	4401	0
2014June3 	3	4410	1
2014June3 	3	4420	1
2014June3 	3	4430	2
2014June3 	3	5200	0
2014June3 	4	1030	13
2014June3 	4	1040	4
2014June3 	4	1050	4
2014June3 	4	1060	4
2014June3 	4	1070	1
2014June3 	4	1080	7
2014June3 	4	1090	1
2014June3 	4	1100	2
2014June3 	4	1140	3
2014June3 	4	1330	0
2014June3 	4	2604	1
2014June3 	4	2621	2
2014June3 	4	2624	1
2014June3 	4	3001	1
2014June3 	4	4401	0
2014June3 	4	4410	1
2014June3 	4	4420	1
2014June3 	4	4430	2
2014June3 	4	5200	0
2014June3 	5	1030	14
2014June3 	5	1040	5
2014June3 	5	1050	5
2014June3 	5	1060	5
2014June3 	5	1070	2
2014June3 	5	1080	1
2014June3 	5	1090	2
2014June3 	5	1100	1
2014June3 	5	1140	4
2014June3 	5	1340	0
2014June3 	5	2604	1
2014June3 	5	2621	1
2014June3 	5	2624	2
2014June3 	5	3001	2
2014June3 	5	4401	0
2014June3 	5	4410	1
2014June3 	5	4420	1
2014June3 	5	4430	1
2014June3 	5	5200	0
2014June3 	6	1030	13
2014June3 	6	1040	4
2014June3 	6	1050	4
2014June3 	6	1060	4
2014June3 	6	1070	1
2014June3 	6	1080	7
2014June3 	6	1090	1
2014June3 	6	1100	2
2014June3 	6	1150	1
2014June3 	6	1330	0
2014June3 	6	2604	1
2014June3 	6	2621	2
2014June3 	6	2624	1
2014June3 	6	3001	1
2014June3 	6	4401	0
2014June3 	6	4410	1
2014June3 	6	4420	1
2014June3 	6	4430	2
2014June3 	6	5200	0
2014June3 	6	5209	0
2014June3 	7	1030	13
2014June3 	7	1040	4
2014June3 	7	1050	4
2014June3 	7	1060	4
2014June3 	7	1070	1
2014June3 	7	1080	7
2014June3 	7	1090	1
2014June3 	7	1100	2
2014June3 	7	1140	3
2014June3 	7	1330	0
2014June3 	7	2604	1
2014June3 	7	2621	2
2014June3 	7	2624	1
2014June3 	7	3001	1
2014June3 	7	4401	0
2014June3 	7	4410	1
2014June3 	7	4420	1
2014June3 	7	4430	2
2014June3 	7	5200	0
2014June3 	8	1030	12
2014June3 	8	1040	3
2014June3 	8	1050	3
2014June3 	8	1060	3
2014June3 	8	1070	3
2014June3 	8	1080	6
2014June3 	8	1090	3
2014June3 	8	1100	1
2014June3 	8	1150	2
2014June3 	8	1320	0
2014June3 	8	2604	1
2014June3 	8	2621	1
2014June3 	8	2624	3
2014June3 	8	3001	3
2014June3 	8	4401	0
2014June3 	8	4410	1
2014June3 	8	4420	1
2014June3 	8	4430	1
2014June3 	8	5200	0
2014June3 	9	1030	13
2014June3 	9	1040	4
2014June3 	9	1050	4
2014June3 	9	1060	4
2014June3 	9	1070	1
2014June3 	9	1080	7
2014June3 	9	1090	1
2014June3 	9	1100	2
2014June3 	9	1130	4
2014June3 	9	1330	0
2014June3 	9	2604	1
2014June3 	9	2621	2
2014June3 	9	2624	1
2014June3 	9	3001	1
2014June3 	9	4410	1
2014June3 	9	4420	1
2014June3 	9	4430	2
2014June3 	9	5200	0
2014June3 	9	5201	0
2014June3 	10	1030	13
2014June3 	10	1040	4
2014June3 	10	1050	4
2014June3 	10	1060	4
2014June3 	10	1070	1
2014June3 	10	1080	7
2014June3 	10	1090	1
2014June3 	10	1100	2
2014June3 	10	1140	3
2014June3 	10	1330	0
2014June3 	10	2604	1
2014June3 	10	2621	2
2014June3 	10	2624	1
2014June3 	10	3001	1
2014June3 	10	4404	0
2014June3 	10	4410	1
2014June3 	10	4420	1
2014June3 	10	4430	2
2014June3 	10	5200	0
2014June3 	10	5201	0
2014June3 	11	1030	13
2014June3 	11	1040	4
2014June3 	11	1050	4
2014June3 	11	1060	4
2014June3 	11	1070	1
2014June3 	11	1080	7
2014June3 	11	1090	1
2014June3 	11	1100	2
2014June3 	11	1140	3
2014June3 	11	1330	0
2014June3 	11	2604	1
2014June3 	11	2621	2
2014June3 	11	2624	1
2014June3 	11	3001	1
2014June3 	11	4410	1
2014June3 	11	4420	1
2014June3 	11	4430	2
2014June3 	11	5200	0
2014June3 	11	5201	0
2014June3 	12	1030	13
2014June3 	12	1040	4
2014June3 	12	1050	4
2014June3 	12	1060	4
2014June3 	12	1070	1
2014June3 	12	1080	7
2014June3 	12	1090	1
2014June3 	12	1100	2
2014June3 	12	1130	4
2014June3 	12	1330	0
2014June3 	12	2604	1
2014June3 	12	2621	2
2014June3 	12	2624	1
2014June3 	12	3001	1
2014June3 	12	4404	0
2014June3 	12	4410	1
2014June3 	12	4420	1
2014June3 	12	4430	2
2014June3 	12	5200	0
2014June3 	12	5201	0
2014June3 	13	1030	13
2014June3 	13	1040	4
2014June3 	13	1050	4
2014June3 	13	1060	4
2014June3 	13	1070	1
2014June3 	13	1080	7
2014June3 	13	1090	1
2014June3 	13	1100	2
2014June3 	13	1140	3
2014June3 	13	1330	0
2014June3 	13	2604	1
2014June3 	13	2621	2
2014June3 	13	2624	1
2014June3 	13	3001	1
2014June3 	13	4404	0
2014June3 	13	4410	1
2014June3 	13	4420	1
2014June3 	13	4430	2
2014June3 	13	5200	0
2014June3 	14	1030	13
2014June3 	14	1040	4
2014June3 	14	1050	4
2014June3 	14	1060	4
2014June3 	14	1070	1
2014June3 	14	1080	7
2014June3 	14	1090	1
2014June3 	14	1100	2
2014June3 	14	1150	1
2014June3 	14	1330	0
2014June3 	14	2604	1
2014June3 	14	2621	2
2014June3 	14	2624	1
2014June3 	14	3001	1
2014June3 	14	4401	0
2014June3 	14	4410	1
2014June3 	14	4420	1
2014June3 	14	4430	2
2014June3 	14	5200	0
2014June3 	19	1070	1
2014June3 	19	1080	7
2014June3 	19	1090	1
2014June3 	19	1100	2
2014June3 	19	1150	1
2014June3 	19	1200	0
2014June3 	19	1330	0
2014June3 	19	2604	1
2014June3 	19	2621	2
2014June3 	19	2624	1
2014June3 	19	3001	1
2014June3 	19	4404	0
2014June3 	19	4410	1
2014June3 	19	4420	1
2014June3 	19	4430	2
2014June3 	19	5200	0
2014June3 	20	1030	13
2014June3 	20	1040	4
2014June3 	20	1050	4
2014June3 	20	1060	4
2014June3 	20	1070	1
2014June3 	20	1080	7
2014June3 	20	1090	1
2014June3 	20	1100	2
2014June3 	20	1150	1
2014June3 	20	1330	0
2014June3 	20	2604	1
2014June3 	20	2621	2
2014June3 	20	2624	1
2014June3 	20	3001	1
2014June3 	20	4410	1
2014June3 	20	4420	1
2014June3 	20	4430	2
2014June3 	20	5200	0
2014June3 	21	1030	12
2014June3 	21	1040	3
2014June3 	21	1050	3
2014June3 	21	1060	3
2014June3 	21	1070	3
2014June3 	21	1080	6
2014June3 	21	1090	3
2014June3 	21	1100	1
2014June3 	21	1150	2
2014June3 	21	1320	0
2014June3 	21	2604	1
2014June3 	21	2621	1
2014June3 	21	2624	3
2014June3 	21	3001	3
2014June3 	21	4410	1
2014June3 	21	4420	1
2014June3 	21	4430	1
2014June3 	21	5200	0
2014June3 	21	5203	0
2014June3 	22	1030	12
2014June3 	22	1040	3
2014June3 	22	1050	3
2014June3 	22	1060	3
2014June3 	22	1070	3
2014June3 	22	1080	6
2014June3 	22	1090	3
2014June3 	22	1100	1
2014June3 	22	1150	2
2014June3 	22	1200	0
2014June3 	22	1320	0
2014June3 	22	2604	1
2014June3 	22	2621	1
2014June3 	22	2624	3
2014June3 	22	3001	3
2014June3 	22	4410	1
2014June3 	22	4420	1
2014June3 	22	4430	1
2014June3 	22	5200	0
2014June3 	22	5203	0
2014June3 	62	4420	1
2014June3 	62	4430	2
2014June3 	63	1030	13
2014June3 	63	1040	4
2014June3 	63	1050	4
2014June3 	63	1060	4
2014June3 	63	1070	1
2014June3 	64	4420	1
2014June3 	66	1040	4
2014June3 	83	2624	3
2014June3 	83	3001	3
2014June3 	83	4410	1
2014June3 	83	4420	1
2014June3 	83	4430	1
2014June3 	84	1030	14
2014June3 	84	1040	5
2014June3 	84	1050	5
2014June3 	84	1060	5
2014June3 	84	1070	2
2014June3 	84	1080	1
2014June3 	84	1090	2
2014June3 	84	1100	1
2014June3 	84	1140	4
2014June3 	84	1340	0
2014June3 	84	2604	1
2014June3 	84	2621	1
2014June3 	84	2624	2
2014June3 	84	3001	2
2014June3 	84	4401	0
2014June3 	84	4410	1
2014June3 	84	4420	1
2014June3 	84	4430	1
2014June3 	15	1030	12
2014June3 	15	1040	3
2014June3 	15	1050	3
2014June3 	15	1060	3
2014June3 	15	1070	3
2014June3 	15	1080	6
2014June3 	15	1090	3
2014June3 	15	1100	1
2014June3 	15	1150	2
2014June3 	15	1320	0
2014June3 	15	2604	1
2014June3 	15	2621	1
2014June3 	15	2624	3
2014June3 	15	3001	3
2014June3 	15	4410	1
2014June3 	15	4420	1
2014June3 	15	4430	1
2014June3 	15	5200	0
2014June3 	16	1030	10
2014June3 	16	1040	1
2014June3 	16	1050	1
2014June3 	16	1060	1
2014June3 	16	1070	1
2014June3 	16	1080	4
2014June3 	16	1090	1
2014June3 	16	1100	2
2014June3 	16	1150	1
2014June3 	16	1310	0
2014June3 	16	2604	1
2014June3 	16	2621	2
2014June3 	16	2624	2
2014June3 	16	3001	1
2014June3 	16	4401	0
2014June3 	16	4410	1
2014June3 	16	4420	1
2014June3 	16	4430	2
2014June3 	16	5200	0
2014June3 	17	1030	10
2014June3 	17	1040	1
2014June3 	17	1050	1
2014June3 	17	1060	1
2014June3 	17	1070	1
2014June3 	17	1080	4
2014June3 	17	1090	1
2014June3 	17	1100	2
2014June3 	17	1150	1
2014June3 	17	1200	0
2014June3 	17	1310	0
2014June3 	17	2604	1
2014June3 	17	2621	2
2014June3 	67	1030	13
2014June3 	17	2624	2
2014June3 	17	3001	1
2014June3 	17	4410	1
2014June3 	17	4420	1
2014June3 	17	4430	2
2014June3 	17	5200	0
2014June3 	17	5203	0
2014June3 	18	1030	13
2014June3 	18	1040	4
2014June3 	18	1050	4
2014June3 	18	1060	4
2014June3 	18	1070	1
2014June3 	18	1080	7
2014June3 	18	1090	1
2014June3 	18	1100	2
2014June3 	18	1150	1
2014June3 	18	1200	0
2014June3 	18	1330	0
2014June3 	18	2604	1
2014June3 	18	2621	2
2014June3 	18	2624	1
2014June3 	18	3001	1
2014June3 	18	4410	1
2014June3 	18	4420	1
2014June3 	18	4430	2
2014June3 	18	5200	0
2014June3 	19	1030	13
2014June3 	19	1040	4
2014June3 	19	1050	4
2014June3 	19	1060	4
2014June3 	63	1080	7
2014June3 	64	4430	2
2014June3 	66	1050	4
2014June3 	75	1030	10
2014June3 	75	1040	1
2014June3 	75	1050	1
2014June3 	75	1060	1
2014June3 	75	1070	1
2014June3 	75	1080	4
2014June3 	75	1090	1
2014June3 	75	1100	2
2014June3 	75	1130	3
2014June3 	75	1200	0
2014June3 	75	1310	0
2014June3 	75	2604	1
2014June3 	75	2621	2
2014June3 	75	2624	2
2014June3 	75	3001	1
2014June3 	75	4404	0
2014June3 	75	4410	1
2014June3 	75	4420	1
2014June3 	75	4430	2
2014June3 	76	1030	10
2014June3 	76	1040	1
2014June3 	76	1050	1
2014June3 	76	1060	1
2014June3 	76	1070	1
2014June3 	76	1080	4
2014June3 	76	1090	1
2014June3 	76	1100	2
2014June3 	76	1130	3
2014June3 	76	1200	0
2014June3 	76	1310	0
2014June3 	76	2604	1
2014June3 	76	2621	2
2014June3 	76	2624	2
2014June3 	76	3001	1
2014June3 	76	4410	1
2014June3 	76	4420	1
2014June3 	76	4430	2
2014June3 	77	1030	10
2014June3 	77	1040	1
2014June3 	77	1050	1
2014June3 	77	1060	1
2014June3 	77	1070	1
2014June3 	77	1080	4
2014June3 	77	1090	1
2014June3 	77	1100	2
2014June3 	77	1130	3
2014June3 	77	1200	0
2014June3 	77	1310	0
2014June3 	77	2604	1
2014June3 	77	2621	2
2014June3 	77	2624	2
2014June3 	77	3001	1
2014June3 	77	4410	1
2014June3 	77	4420	1
2014June3 	77	4430	2
2014June3 	23	1030	12
2014June3 	23	1040	3
2014June3 	23	1050	3
2014June3 	23	1060	3
2014June3 	23	1070	3
2014June3 	23	1080	6
2014June3 	23	1090	3
2014June3 	23	1100	1
2014June3 	23	1150	2
2014June3 	23	1320	0
2014June3 	23	2604	1
2014June3 	23	2621	1
2014June3 	23	2624	3
2014June3 	23	3001	3
2014June3 	23	4404	0
2014June3 	23	4410	1
2014June3 	23	4420	1
2014June3 	23	4430	1
2014June3 	23	5200	0
2014June3 	24	1030	13
2014June3 	24	1040	4
2014June3 	24	1050	4
2014June3 	24	1060	4
2014June3 	24	1070	1
2014June3 	24	1080	7
2014June3 	24	1090	1
2014June3 	24	1100	2
2014June3 	24	1150	1
2014June3 	24	1330	0
2014June3 	24	2604	1
2014June3 	24	2621	2
2014June3 	24	2624	1
2014June3 	24	3001	1
2014June3 	24	4404	0
2014June3 	24	4410	1
2014June3 	41	1150	1
2014June3 	41	1200	0
2014June3 	41	1310	0
2014June3 	41	2604	1
2014June3 	41	2621	2
2014June3 	41	2624	2
2014June3 	41	3001	1
2014June3 	41	4410	1
2014June3 	41	4420	1
2014June3 	41	4430	2
2014June3 	56	4410	1
2014June3 	56	4430	1
2014June3 	63	1090	1
2014June3 	65	1030	13
2014June3 	66	1060	4
2014June3 	78	1060	1
2014June3 	78	1070	1
2014June3 	78	1080	4
2014June3 	78	1090	1
2014June3 	78	1100	2
2014June3 	78	1150	1
2014June3 	78	1310	0
2014June3 	78	2604	1
2014June3 	78	2621	2
2014June3 	78	2624	2
2014June3 	78	3001	1
2014June3 	78	4410	1
2014June3 	78	4420	1
2014June3 	78	4430	2
2014June3 	79	1030	12
2014June3 	79	1040	3
2014June3 	79	1050	3
2014June3 	79	1060	3
2014June3 	79	1070	3
2014June3 	79	1080	6
2014June3 	79	1090	3
2014June3 	79	1100	1
2014June3 	79	1150	2
2014June3 	79	1320	0
2014June3 	79	2604	1
2014June3 	79	2621	1
2014June3 	79	2624	3
2014June3 	79	3001	3
2014June3 	79	4410	1
2014June3 	79	4420	1
2014June3 	79	4430	1
2014June3 	80	1030	10
2014June3 	80	1040	1
2014June3 	80	1050	1
2014June3 	80	1060	1
2014June3 	80	1070	1
2014June3 	80	1080	4
2014June3 	80	1090	1
2014June3 	80	1100	2
2014June3 	80	1150	1
2014June3 	80	1310	0
2014June3 	80	2604	1
2014June3 	80	2621	2
2014June3 	80	2624	2
2014June3 	80	3001	1
2014June3 	80	4410	1
2014June3 	80	4420	1
2014June3 	80	4430	2
2014June3 	81	1030	10
2014June3 	81	1040	1
2014June3 	81	1050	1
2014June3 	81	1060	1
2014June3 	81	1070	1
2014June3 	81	1080	4
2014June3 	81	1090	1
2014June3 	81	1100	2
2014June3 	81	1150	1
2014June3 	81	1310	0
2014June3 	81	2604	1
2014June3 	81	2621	2
2014June3 	81	2624	2
2014June3 	81	3001	1
2014June3 	81	4401	0
2014June3 	81	4410	1
2014June3 	81	4420	1
2014June3 	81	4430	2
2014June3 	82	1030	10
2014June3 	82	1040	1
2014June3 	82	1050	1
2014June3 	82	1060	1
2014June3 	82	1070	1
2014June3 	82	1080	4
2014June3 	82	1090	1
2014June3 	82	1100	2
2014June3 	82	1150	1
2014June3 	82	1310	0
2014June3 	82	2604	1
2014June3 	82	2621	2
2014June3 	82	2624	2
2014June3 	82	3001	1
2014June3 	82	4410	1
2014June3 	82	4420	1
2014June3 	82	4430	2
2014June3 	83	1030	12
2014June3 	83	1040	3
2014June3 	83	1050	3
2014June3 	83	1060	3
2014June3 	83	1070	3
2014June3 	83	1080	6
2014June3 	83	1090	3
2014June3 	83	1100	1
2014June3 	83	1150	2
2014June3 	83	1320	0
2014June3 	83	2604	1
2014June3 	83	2621	1
2014June3 	33	1030	10
2014June3 	33	1040	1
2014June3 	33	1050	1
2014June3 	33	1060	1
2014June3 	33	1070	1
2014June3 	33	1080	4
2014June3 	33	1090	1
2014June3 	33	1100	2
2014June3 	33	1150	1
2014June3 	33	1310	0
2014June3 	33	2604	1
2014June3 	33	2621	2
2014June3 	33	2624	2
2014June3 	33	3001	1
2014June3 	33	4410	1
2014June3 	33	4420	1
2014June3 	33	4430	2
2014June3 	33	5200	0
2014June3 	33	5203	0
2014June3 	34	1030	10
2014June3 	34	1040	1
2014June3 	34	1050	1
2014June3 	34	1060	1
2014June3 	34	1070	1
2014June3 	34	1080	4
2014June3 	34	1090	1
2014June3 	34	1100	2
2014June3 	34	1130	3
2014June3 	34	1310	0
2014June3 	34	2604	1
2014June3 	34	2621	2
2014June3 	34	2624	2
2014June3 	34	3001	1
2014June3 	34	4410	1
2014June3 	34	4420	1
2014June3 	34	4430	2
2014June3 	34	5200	0
2014June3 	34	5203	0
2014June3 	35	1030	10
2014June3 	35	1040	1
2014June3 	35	1050	1
2014June3 	35	1060	1
2014June3 	35	1070	1
2014June3 	35	1080	4
2014June3 	35	1090	1
2014June3 	35	1100	2
2014June3 	35	1130	3
2014June3 	35	1310	0
2014June3 	35	2604	1
2014June3 	35	2621	2
2014June3 	35	2624	2
2014June3 	35	3001	1
2014June3 	35	4410	1
2014June3 	35	4420	1
2014June3 	35	4430	2
2014June3 	35	5200	0
2014June3 	36	1030	12
2014June3 	36	1040	3
2014June3 	36	1050	3
2014June3 	36	1060	3
2014June3 	36	1070	3
2014June3 	36	1080	6
2014June3 	36	1090	3
2014June3 	36	1100	1
2014June3 	36	1150	2
2014June3 	36	1320	0
2014June3 	36	2604	1
2014June3 	36	2621	1
2014June3 	36	2624	3
2014June3 	36	3001	3
2014June3 	36	4410	1
2014June3 	36	4420	1
2014June3 	36	4430	1
2014June3 	36	5200	0
2014June3 	36	5205	0
2014June3 	37	1030	12
2014June3 	37	1040	3
2014June3 	37	1050	3
2014June3 	37	1060	3
2014June3 	37	1070	3
2014June3 	37	1080	6
2014June3 	37	1090	3
2014June3 	37	1100	1
2014June3 	37	1150	2
2014June3 	37	1320	0
2014June3 	37	2604	1
2014June3 	37	2621	1
2014June3 	37	2624	3
2014June3 	37	3001	3
2014June3 	37	4410	1
2014June3 	37	4420	1
2014June3 	37	4430	1
2014June3 	37	5200	0
2014June3 	38	1030	12
2014June3 	38	1040	3
2014June3 	38	1050	3
2014June3 	38	1060	3
2014June3 	38	1070	3
2014June3 	38	1080	6
2014June3 	38	1090	3
2014June3 	38	1100	1
2014June3 	38	1150	2
2014June3 	38	1320	0
2014June3 	38	2604	1
2014June3 	38	2621	1
2014June3 	38	2624	3
2014June3 	38	3001	3
2014June3 	38	4410	1
2014June3 	38	4420	1
2014June3 	38	4430	1
2014June3 	38	5200	0
2014June3 	38	5207	0
2014June3 	39	1030	12
2014June3 	39	1040	3
2014June3 	39	1050	3
2014June3 	39	1060	3
2014June3 	39	1070	3
2014June3 	39	1080	6
2014June3 	39	1090	3
2014June3 	39	1100	1
2014June3 	39	1150	2
2014June3 	39	1320	0
2014June3 	39	2604	1
2014June3 	39	2621	1
2014June3 	39	2624	3
2014June3 	39	3001	3
2014June3 	39	4410	1
2014June3 	39	4420	1
2014June3 	39	4430	1
2014June3 	39	5200	0
2014June3 	40	1030	10
2014June3 	40	1040	1
2014June3 	40	1050	1
2014June3 	40	1060	1
2014June3 	40	1070	1
2014June3 	40	1080	4
2014June3 	40	1090	1
2014June3 	40	1100	2
2014June3 	40	1150	1
2014June3 	40	1310	0
2014June3 	40	2604	1
2014June3 	40	2621	2
2014June3 	40	2624	2
2014June3 	40	3001	1
2014June3 	40	4410	1
2014June3 	40	4420	1
2014June3 	40	4430	2
2014June3 	40	5200	0
2014June3 	41	1030	10
2014June3 	41	1040	1
2014June3 	41	1050	1
2014June3 	41	1060	1
2014June3 	41	1070	1
2014June3 	41	1080	4
2014June3 	41	1090	1
2014June3 	41	1100	2
2014June3 	66	1100	2
2014June3 	74	1030	10
2014June3 	74	1040	1
2014June3 	74	1050	1
2014June3 	74	1060	1
2014June3 	74	1070	1
2014June3 	74	1080	4
2014June3 	74	1090	1
2014June3 	74	1100	2
2014June3 	74	1130	3
2014June3 	74	1200	0
2014June3 	74	1310	0
2014June3 	74	2604	1
2014June3 	74	2621	2
2014June3 	74	2624	2
2014June3 	74	3001	1
2014June3 	74	4404	0
2014June3 	74	4410	1
2014June3 	74	4420	1
2014June3 	74	4430	2
2014June3 	67	1040	4
2014June3 	78	1030	10
2014June3 	78	1040	1
2014June3 	78	1050	1
2014June3 	24	4420	1
2014June3 	24	4430	2
2014June3 	24	5200	0
2014June3 	25	1030	13
2014June3 	25	1040	4
2014June3 	25	1050	4
2014June3 	25	1060	4
2014June3 	25	1070	1
2014June3 	25	1080	7
2014June3 	25	1090	1
2014June3 	25	1100	2
2014June3 	25	1150	1
2014June3 	25	1200	0
2014June3 	25	1330	0
2014June3 	25	2604	1
2014June3 	25	2621	2
2014June3 	25	2624	1
2014June3 	25	3001	1
2014June3 	25	4410	1
2014June3 	25	4420	1
2014June3 	25	4430	2
2014June3 	25	5200	0
2014June3 	25	5203	0
2014June3 	26	1030	10
2014June3 	26	1040	1
2014June3 	26	1050	1
2014June3 	26	1060	1
2014June3 	26	1070	1
2014June3 	26	1080	4
2014June3 	26	1090	1
2014June3 	26	1100	2
2014June3 	26	1130	3
2014June3 	26	1200	0
2014June3 	26	1310	0
2014June3 	26	2604	1
2014June3 	26	2621	2
2014June3 	26	2624	2
2014June3 	26	3001	1
2014June3 	26	4410	1
2014June3 	26	4420	1
2014June3 	26	4430	2
2014June3 	26	5200	0
2014June3 	26	5203	0
2014June3 	30	1030	10
2014June3 	30	1040	1
2014June3 	30	1050	1
2014June3 	30	1060	1
2014June3 	30	1070	1
2014June3 	30	1080	4
2014June3 	30	1090	1
2014June3 	30	1100	2
2014June3 	30	1130	3
2014June3 	30	1310	0
2014June3 	30	2604	1
2014June3 	30	2621	2
2014June3 	30	2624	2
2014June3 	30	3001	1
2014June3 	30	4410	1
2014June3 	30	4420	1
2014June3 	30	4430	2
2014June3 	30	5200	0
2014June3 	30	5205	0
2014June3 	31	1030	10
2014June3 	31	1040	1
2014June3 	31	1050	1
2014June3 	31	1060	1
2014June3 	31	1070	1
2014June3 	31	1080	4
2014June3 	31	1090	1
2014June3 	31	1100	2
2014June3 	31	1130	3
2014June3 	31	1200	0
2014June3 	31	1310	0
2014June3 	31	2604	1
2014June3 	31	2621	2
2014June3 	31	2624	2
2014June3 	31	3001	1
2014June3 	31	4410	1
2014June3 	31	4420	1
2014June3 	31	4430	2
2014June3 	31	5200	0
2014June3 	31	5205	0
2014June3 	32	1030	10
2014June3 	32	1040	1
2014June3 	32	1050	1
2014June3 	32	1060	1
2014June3 	32	1070	1
2014June3 	32	1080	4
2014June3 	32	1090	1
2014June3 	32	1100	2
2014June3 	32	1150	1
2014June3 	32	1310	0
2014June3 	32	2604	1
2014June3 	32	2621	2
2014June3 	32	2624	2
2014June3 	32	3001	1
2014June3 	32	4410	1
2014June3 	32	4420	1
2014June3 	32	4430	2
2014June3 	32	5200	0
2014June3 	32	5205	0
2014June3 	57	1030	13
2014June3 	57	1040	4
2014June3 	57	1050	4
2014June3 	63	1100	2
2014June3 	65	1040	4
2014June3 	95	2604	1
2014June3 	95	2621	2
2014June3 	95	2624	2
2014June3 	95	3001	1
2014June3 	95	4401	0
2014June3 	95	4410	1
2014June3 	95	4420	1
2014June3 	95	4430	2
2014June3 	96	1030	14
2014June3 	96	1040	5
2014June3 	96	1050	5
2014June3 	96	1060	5
2014June3 	96	1070	2
2014June3 	96	1080	1
2014June3 	96	1090	2
2014June3 	96	1100	1
2014June3 	96	1150	2
2014June3 	96	1340	0
2014June3 	96	2604	1
2014June3 	96	2621	1
2014June3 	96	2624	2
2014June3 	96	3001	2
2014June3 	96	4401	0
2014June3 	96	4410	1
2014June3 	96	4420	1
2014June3 	96	4430	1
2014June3 	97	1030	15
2014June3 	97	1040	6
2014June3 	97	1050	6
2014June3 	97	1060	6
2014June3 	97	1070	3
2014June3 	97	1080	2
2014June3 	97	1090	3
2014June3 	97	1100	2
2014June3 	97	1150	1
2014June3 	97	1370	0
2014June3 	97	2604	1
2014June3 	97	2621	2
2014June3 	97	2624	3
2014June3 	97	3001	3
2014June3 	97	4401	0
2014June3 	97	4410	1
2014June3 	97	4420	1
2014June3 	97	4430	2
2014June3 	98	1030	10
2014June3 	98	1040	1
2014June3 	98	1050	1
2014June3 	98	1060	1
2014June3 	98	1070	1
2014June3 	98	1080	4
2014June3 	98	1090	1
2014June3 	98	1100	2
2014June3 	98	1130	3
2014June3 	98	1310	0
2014June3 	98	2604	1
2014June3 	98	2621	2
2014June3 	98	2624	2
2014June3 	98	3001	1
2014June3 	98	4410	1
2014June3 	98	4420	1
2014June3 	98	4430	2
2014June3 	99	1030	10
2014June3 	99	1040	1
2014June3 	99	1050	1
2014June3 	99	1060	1
2014June3 	99	1070	1
2014June3 	99	1080	4
2014June3 	99	1090	1
2014June3 	99	1100	2
2014June3 	99	1150	1
2014June3 	99	1310	0
2014June3 	99	2604	1
2014June3 	99	2621	2
2014June3 	27	1030	12
2014June3 	27	1040	3
2014June3 	27	1050	3
2014June3 	27	1060	3
2014June3 	27	1070	3
2014June3 	27	1080	6
2014June3 	27	1090	3
2014June3 	27	1100	1
2014June3 	27	1150	2
2014June3 	27	1320	0
2014June3 	27	2604	1
2014June3 	27	2621	1
2014June3 	27	2624	3
2014June3 	27	3001	3
2014June3 	27	4410	1
2014June3 	27	4420	1
2014June3 	27	4430	1
2014June3 	27	5200	0
2014June3 	27	5207	0
2014June3 	28	1030	12
2014June3 	28	1040	3
2014June3 	28	1050	3
2014June3 	28	1060	3
2014June3 	28	1070	3
2014June3 	28	1080	6
2014June3 	28	1090	3
2014June3 	28	1100	1
2014June3 	28	1150	2
2014June3 	28	1320	0
2014June3 	28	2604	1
2014June3 	28	2621	1
2014June3 	28	2624	3
2014June3 	28	3001	3
2014June3 	28	4410	1
2014June3 	28	4420	1
2014June3 	28	4430	1
2014June3 	28	5200	0
2014June3 	28	5205	0
2014June3 	29	1030	10
2014June3 	29	1040	1
2014June3 	29	1050	1
2014June3 	29	1060	1
2014June3 	29	1070	1
2014June3 	29	1080	4
2014June3 	29	1090	1
2014June3 	29	1100	2
2014June3 	29	1130	3
2014June3 	29	1200	0
2014June3 	29	1310	0
2014June3 	29	2604	1
2014June3 	29	2621	2
2014June3 	29	2624	2
2014June3 	29	3001	1
2014June3 	29	4410	1
2014June3 	29	4420	1
2014June3 	29	4430	2
2014June3 	29	5200	0
2014June3 	62	2621	2
2014June3 	62	2624	1
2014June3 	62	3001	1
2014June3 	62	4401	0
2014June3 	62	4410	1
2014June3 	63	1140	3
2014June3 	63	1330	0
2014June3 	63	2604	1
2014June3 	63	2621	2
2014June3 	63	2624	1
2014June3 	63	3001	1
2014June3 	63	4401	0
2014June3 	63	4410	1
2014June3 	63	4420	1
2014June3 	63	4430	2
2014June3 	64	1030	13
2014June3 	64	1040	4
2014June3 	64	1050	4
2014June3 	64	1060	4
2014June3 	64	1070	1
2014June3 	64	1080	7
2014June3 	64	1090	1
2014June3 	64	1100	2
2014June3 	64	1330	0
2014June3 	64	2604	1
2014June3 	64	2621	2
2014June3 	64	2624	1
2014June3 	64	3001	1
2014June3 	64	4401	0
2014June3 	64	4410	1
2014June3 	65	1050	4
2014June3 	65	1060	4
2014June3 	65	1070	1
2014June3 	65	1080	7
2014June3 	65	1090	1
2014June3 	65	1100	2
2014June3 	65	1140	3
2014June3 	65	1330	0
2014June3 	41	5200	0
2014June3 	41	5205	0
2014June3 	42	1030	13
2014June3 	42	1040	4
2014June3 	42	1050	4
2014June3 	42	1060	4
2014June3 	42	1070	1
2014June3 	42	1080	7
2014June3 	42	1090	1
2014June3 	42	1100	2
2014June3 	42	1140	3
2014June3 	42	1200	0
2014June3 	42	1330	0
2014June3 	42	2604	1
2014June3 	42	2621	2
2014June3 	42	2624	1
2014June3 	42	3001	1
2014June3 	42	4404	0
2014June3 	42	4410	1
2014June3 	42	4420	1
2014June3 	42	4430	2
2014June3 	42	5200	0
2014June3 	43	1030	13
2014June3 	43	1040	4
2014June3 	43	1050	4
2014June3 	43	1060	4
2014June3 	43	1070	1
2014June3 	43	1080	7
2014June3 	43	1090	1
2014June3 	43	1100	2
2014June3 	43	1140	3
2014June3 	43	1330	0
2014June3 	43	2604	1
2014June3 	43	2621	2
2014June3 	43	2624	1
2014June3 	43	3001	1
2014June3 	43	4404	0
2014June3 	43	4410	1
2014June3 	43	4420	1
2014June3 	43	4430	2
2014June3 	43	5200	0
2014June3 	43	5209	0
2014June3 	44	1030	10
2014June3 	44	1040	1
2014June3 	44	1050	1
2014June3 	44	1060	1
2014June3 	44	1070	1
2014June3 	44	1080	4
2014June3 	44	1090	1
2014June3 	44	1100	2
2014June3 	44	1150	1
2014June3 	44	1310	0
2014June3 	44	2604	1
2014June3 	44	2621	2
2014June3 	44	2624	2
2014June3 	44	3001	1
2014June3 	44	4410	1
2014June3 	44	4420	1
2014June3 	44	4430	2
2014June3 	44	5200	0
2014June3 	45	1030	13
2014June3 	45	1040	4
2014June3 	45	1050	4
2014June3 	45	1060	4
2014June3 	45	1070	1
2014June3 	45	1080	7
2014June3 	45	1090	1
2014June3 	45	1100	2
2014June3 	45	1150	1
2014June3 	45	1330	0
2014June3 	45	2604	1
2014June3 	45	2621	2
2014June3 	45	2624	1
2014June3 	45	3001	1
2014June3 	45	4404	0
2014June3 	45	4410	1
2014June3 	45	4420	1
2014June3 	45	4430	2
2014June3 	45	5200	0
2014June3 	46	1030	12
2014June3 	46	1040	3
2014June3 	46	1050	3
2014June3 	46	1060	3
2014June3 	46	1070	3
2014June3 	46	1080	6
2014June3 	46	1090	3
2014June3 	46	1100	1
2014June3 	46	1150	2
2014June3 	46	1320	0
2014June3 	46	2604	1
2014June3 	46	2621	1
2014June3 	46	2624	3
2014June3 	46	3001	3
2014June3 	46	4410	1
2014June3 	46	4420	1
2014June3 	46	4430	1
2014June3 	46	5200	0
2014June3 	46	5209	0
2014June3 	48	5200	0
2014June3 	52	1330	0
2014June3 	52	2604	1
2014June3 	52	2621	2
2014June3 	52	2624	1
2014June3 	52	3001	1
2014June3 	52	4410	1
2014June3 	52	4420	1
2014June3 	52	4430	2
2014June3 	52	5200	0
2014June3 	52	5209	0
2014June3 	53	1030	13
2014June3 	53	1040	4
2014June3 	53	1050	4
2014June3 	53	1060	4
2014June3 	53	1070	1
2014June3 	53	1080	7
2014June3 	53	1090	1
2014June3 	53	1100	2
2014June3 	53	1150	1
2014June3 	53	1330	0
2014June3 	53	2604	1
2014June3 	53	2621	2
2014June3 	53	2624	1
2014June3 	53	3001	1
2014June3 	53	4404	0
2014June3 	53	4410	1
2014June3 	53	4420	1
2014June3 	53	4430	2
2014June3 	53	5200	0
2014June3 	53	5209	0
2014June3 	54	1030	13
2014June3 	54	1040	4
2014June3 	54	1050	4
2014June3 	54	1060	4
2014June3 	54	1070	1
2014June3 	54	1080	7
2014June3 	54	1090	1
2014June3 	54	1100	2
2014June3 	54	1140	3
2014June3 	54	1330	0
2014June3 	54	2604	1
2014June3 	54	2621	2
2014June3 	54	2624	1
2014June3 	54	3001	1
2014June3 	54	4404	0
2014June3 	54	4410	1
2014June3 	54	4420	1
2014June3 	54	4430	2
2014June3 	54	5200	0
2014June3 	55	1030	9
2014June3 	55	1040	8
2014June3 	55	1050	8
2014June3 	55	1060	6
2014June3 	55	1070	3
2014June3 	55	1080	3
2014June3 	55	1090	3
2014June3 	55	1100	1
2014June3 	55	1140	2
2014June3 	55	1300	0
2014June3 	55	2604	1
2014June3 	55	2621	1
2014June3 	55	2624	1
2014June3 	55	3001	3
2014June3 	55	4410	1
2014June3 	55	4420	1
2014June3 	55	4430	1
2014June3 	56	1030	9
2014June3 	56	1040	8
2014June3 	56	1050	8
2014June3 	56	1060	6
2014June3 	56	1070	3
2014June3 	56	1080	3
2014June3 	56	1090	3
2014June3 	56	1100	1
2014June3 	56	1140	2
2014June3 	56	1300	0
2014June3 	56	2604	1
2014June3 	56	2621	1
2014June3 	56	2624	1
2014June3 	56	3001	3
2014June3 	47	1030	13
2014June3 	47	1040	4
2014June3 	47	1050	4
2014June3 	47	1060	4
2014June3 	47	1070	1
2014June3 	47	1080	7
2014June3 	47	1090	1
2014June3 	47	1100	2
2014June3 	47	1140	3
2014June3 	47	1330	0
2014June3 	47	2604	1
2014June3 	47	2621	2
2014June3 	47	2624	1
2014June3 	47	3001	1
2014June3 	47	4404	0
2014June3 	47	4410	1
2014June3 	47	4420	1
2014June3 	47	4430	2
2014June3 	47	5200	0
2014June3 	47	5209	0
2014June3 	48	1030	13
2014June3 	48	1040	4
2014June3 	48	1050	4
2014June3 	48	1060	4
2014June3 	48	1070	1
2014June3 	48	1080	7
2014June3 	48	1090	1
2014June3 	48	1100	2
2014June3 	48	1150	1
2014June3 	48	1330	0
2014June3 	48	2604	1
2014June3 	48	2621	2
2014June3 	48	2624	1
2014June3 	48	3001	1
2014June3 	48	4404	0
2014June3 	48	4410	1
2014June3 	48	4420	1
2014June3 	48	4430	2
2014June3 	48	5209	0
2014June3 	49	1030	13
2014June3 	49	1040	4
2014June3 	49	1050	4
2014June3 	49	1060	4
2014June3 	49	1070	1
2014June3 	49	1080	7
2014June3 	49	1090	1
2014June3 	49	1100	2
2014June3 	49	1140	3
2014June3 	49	1330	0
2014June3 	49	2604	1
2014June3 	49	2621	2
2014June3 	49	2624	1
2014June3 	49	3001	1
2014June3 	49	4404	0
2014June3 	49	4410	1
2014June3 	49	4420	1
2014June3 	49	4430	2
2014June3 	49	5200	0
2014June3 	49	5209	0
2014June3 	51	1050	4
2014June3 	51	1060	4
2014June3 	51	1070	1
2014June3 	51	1080	7
2014June3 	51	1090	1
2014June3 	51	1100	2
2014June3 	51	1140	3
2014June3 	51	1330	0
2014June3 	51	2604	1
2014June3 	51	2621	2
2014June3 	51	2624	1
2014June3 	51	3001	1
2014June3 	51	4401	0
2014June3 	51	4410	1
2014June3 	51	4420	1
2014June3 	51	4430	2
2014June3 	51	5200	0
2014June3 	51	5209	0
2014June3 	52	1030	13
2014June3 	52	1040	4
2014June3 	52	1050	4
2014June3 	52	1060	4
2014June3 	52	1070	1
2014June3 	52	1080	7
2014June3 	52	1090	1
2014June3 	52	1100	2
2014June3 	52	1150	1
2014June3 	57	1060	4
2014June3 	57	1070	1
2014June3 	57	1080	7
2014June3 	57	1090	1
2014June3 	57	1100	2
2014June3 	57	1140	3
2014June3 	57	1330	0
2014June3 	57	2604	1
2014June3 	57	2621	2
2014June3 	57	2624	1
2014June3 	57	3001	1
2014June3 	57	4410	1
2014June3 	57	4420	1
2014June3 	57	4430	2
2014June3 	58	1030	13
2014June3 	58	1040	4
2014June3 	58	1050	4
2014June3 	58	1060	4
2014June3 	58	1070	1
2014June3 	58	1080	7
2014June3 	58	1090	1
2014June3 	58	1100	2
2014June3 	58	1140	3
2014June3 	58	1330	0
2014June3 	58	2604	1
2014June3 	58	2621	2
2014June3 	58	2624	1
2014June3 	58	3001	1
2014June3 	58	4410	1
2014June3 	58	4420	1
2014June3 	58	4430	2
2014June3 	59	1030	9
2014June3 	59	1040	8
2014June3 	59	1050	8
2014June3 	59	1060	6
2014June3 	59	1070	3
2014June3 	59	1080	3
2014June3 	59	1090	3
2014June3 	59	1100	1
2014June3 	59	1130	2
2014June3 	59	1300	0
2014June3 	59	2604	1
2014June3 	59	2621	1
2014June3 	59	2624	1
2014June3 	59	3001	3
2014June3 	59	4410	1
2014June3 	59	4420	1
2014June3 	59	4430	1
2014June3 	60	1030	13
2014June3 	60	1040	4
2014June3 	60	1050	4
2014June3 	60	1060	4
2014June3 	60	1070	1
2014June3 	60	1080	7
2014June3 	60	1090	1
2014June3 	60	1100	2
2014June3 	60	1130	4
2014June3 	60	1330	0
2014June3 	60	2604	1
2014June3 	60	2621	2
2014June3 	60	2624	1
2014June3 	60	3001	1
2014June3 	60	4410	1
2014June3 	60	4420	1
2014June3 	60	4430	2
2014June3 	61	1030	13
2014June3 	61	1040	4
2014June3 	61	1050	4
2014June3 	61	1060	4
2014June3 	61	1070	1
2014June3 	61	1080	7
2014June3 	61	1090	1
2014June3 	61	1100	2
2014June3 	61	1130	4
2014June3 	61	1330	0
2014June3 	61	2604	1
2014June3 	61	2621	2
2014June3 	61	2624	1
2014June3 	61	3001	1
2014June3 	61	4410	1
2014June3 	61	4420	1
2014June3 	61	4430	2
2014June3 	62	1030	13
2014June3 	62	1040	4
2014June3 	62	1050	4
2014June3 	62	1060	4
2014June3 	62	1070	1
2014June3 	62	1080	7
2014June3 	62	1090	1
2014June3 	62	1100	2
2014June3 	62	1140	3
2014June3 	62	1330	0
2014June3 	62	2604	1
2014June3 	50	1030	13
2014June3 	50	1040	4
2014June3 	50	1050	4
2014June3 	50	1060	4
2014June3 	50	1070	1
2014June3 	50	1080	7
2014June3 	50	1090	1
2014June3 	50	1100	2
2014June3 	50	1140	3
2014June3 	50	1330	0
2014June3 	50	2604	1
2014June3 	50	2621	2
2014June3 	50	2624	1
2014June3 	50	3001	1
2014June3 	50	4401	0
2014June3 	50	4410	1
2014June3 	50	4420	1
2014June3 	50	4430	2
2014June3 	50	5200	0
2014June3 	50	5209	0
2014June3 	51	1030	13
2014June3 	51	1040	4
2014June3 	64	1140	3
2014June3 	65	2604	1
2014June3 	65	2621	2
2014June3 	65	2624	1
2014June3 	65	3001	1
2014June3 	65	4401	0
2014June3 	65	4410	1
2014June3 	65	4420	1
2014June3 	65	4430	2
2014June3 	66	1030	13
2014June3 	66	1070	1
2014June3 	66	1080	7
2014June3 	66	1090	1
2014June3 	66	1140	3
2014June3 	66	1330	0
2014June3 	66	2604	1
2014June3 	66	2621	2
2014June3 	66	2624	1
2014June3 	66	3001	1
2014June3 	66	4401	0
2014June3 	66	4410	1
2014June3 	66	4420	1
2014June3 	66	4430	2
2014June3 	67	1050	4
2014June3 	67	1060	4
2014June3 	67	1070	1
2014June3 	67	1080	7
2014June3 	67	1090	1
2014June3 	67	1100	2
2014June3 	67	1140	3
2014June3 	67	1330	0
2014June3 	67	2604	1
2014June3 	67	2624	1
2014June3 	67	3001	1
2014June3 	67	4401	0
2014June3 	67	4410	1
2014June3 	67	4420	1
2014June3 	67	4430	2
2014June3 	68	1030	13
2014June3 	68	1040	4
2014June3 	68	1050	4
2014June3 	68	1060	4
2014June3 	68	1070	1
2014June3 	68	1080	7
2014June3 	68	1090	1
2014June3 	68	1100	2
2014June3 	68	1140	3
2014June3 	68	1330	0
2014June3 	68	2604	1
2014June3 	68	2621	2
2014June3 	68	2624	1
2014June3 	68	3001	1
2014June3 	68	4404	0
2014June3 	68	4410	1
2014June3 	68	4420	1
2014June3 	68	4430	2
2014June3 	69	1030	13
2014June3 	69	1040	4
2014June3 	69	1050	4
2014June3 	69	1060	4
2014June3 	69	1070	1
2014June3 	69	1080	7
2014June3 	69	1090	1
2014June3 	69	1100	2
2014June3 	69	1140	3
2014June3 	69	1330	0
2014June3 	69	2604	1
2014June3 	69	2621	2
2014June3 	69	2624	1
2014June3 	69	3001	1
2014June3 	69	4404	0
2014June3 	69	4410	1
2014June3 	69	4420	1
2014June3 	69	4430	2
2014June3 	70	1030	13
2014June3 	70	1040	4
2014June3 	70	1050	4
2014June3 	70	1060	4
2014June3 	70	1070	1
2014June3 	70	1080	7
2014June3 	70	1090	1
2014June3 	70	1100	2
2014June3 	70	1140	3
2014June3 	70	1330	0
2014June3 	70	2604	1
2014June3 	70	2621	2
2014June3 	70	2624	1
2014June3 	70	3001	1
2014June3 	70	4404	0
2014June3 	70	4410	1
2014June3 	70	4420	1
2014June3 	70	4430	2
2014June3 	71	1030	15
2014June3 	71	1040	6
2014June3 	71	1050	6
2014June3 	71	1060	6
2014June3 	71	1070	3
2014June3 	71	1080	2
2014June3 	71	1090	3
2014June3 	71	1100	2
2014June3 	71	1150	1
2014June3 	71	1370	0
2014June3 	71	2604	1
2014June3 	71	2621	2
2014June3 	71	2624	3
2014June3 	71	3001	3
2014June3 	71	4401	0
2014June3 	71	4410	1
2014June3 	71	4420	1
2014June3 	71	4430	2
2014June3 	72	1030	15
2014June3 	72	1040	6
2014June3 	72	1050	6
2014June3 	72	1060	6
2014June3 	72	1070	3
2014June3 	72	1080	2
2014June3 	72	1090	3
2014June3 	72	1100	2
2014June3 	72	1160	2
2014June3 	72	1370	0
2014June3 	72	2604	1
2014June3 	72	2621	2
2014June3 	72	2624	3
2014June3 	72	3001	3
2014June3 	72	4401	0
2014June3 	72	4410	1
2014June3 	72	4420	1
2014June3 	72	4430	2
2014June3 	85	1030	14
2014June3 	85	1040	5
2014June3 	85	1050	5
2014June3 	85	1060	5
2014June3 	85	1070	2
2014June3 	85	1080	1
2014June3 	85	1090	2
2014June3 	85	1100	1
2014June3 	85	1140	4
2014June3 	85	1340	0
2014June3 	85	2604	1
2014June3 	85	2621	1
2014June3 	85	2624	2
2014June3 	85	3001	2
2014June3 	85	4401	0
2014June3 	85	4410	1
2014June3 	85	4420	1
2014June3 	85	4430	1
2014June3 	86	1030	13
2014June3 	86	1040	4
2014June3 	86	1050	4
2014June3 	86	1060	4
2014June3 	86	1070	1
2014June3 	86	1080	7
2014June3 	86	1090	1
2014June3 	86	1100	2
2014June3 	86	1140	3
2014June3 	86	1330	0
2014June3 	86	2604	1
2014June3 	67	2621	2
2014June3 	73	1030	10
2014June3 	73	1040	1
2014June3 	73	1050	1
2014June3 	73	1060	1
2014June3 	73	1070	1
2014June3 	73	1080	4
2014June3 	73	1090	1
2014June3 	73	1100	2
2014June3 	73	1130	3
2014June3 	73	1200	0
2014June3 	73	1310	0
2014June3 	73	2604	1
2014June3 	73	2621	2
2014June3 	73	2624	2
2014June3 	73	3001	1
2014June3 	73	4410	1
2014June3 	73	4420	1
2014June3 	73	4430	2
2014June3 	86	2621	2
2014June3 	86	2624	1
2014June3 	86	3001	1
2014June3 	86	4401	0
2014June3 	86	4410	1
2014June3 	86	4420	1
2014June3 	86	4430	2
2014June3 	87	1030	13
2014June3 	87	1040	4
2014June3 	87	1050	4
2014June3 	87	1060	4
2014June3 	87	1070	1
2014June3 	87	1080	7
2014June3 	87	1090	1
2014June3 	87	1100	2
2014June3 	87	1140	3
2014June3 	87	1330	0
2014June3 	87	2604	1
2014June3 	87	2621	2
2014June3 	87	2624	1
2014June3 	87	3001	1
2014June3 	87	4401	0
2014June3 	87	4410	1
2014June3 	87	4420	1
2014June3 	87	4430	2
2014June3 	88	1030	13
2014June3 	88	1040	4
2014June3 	88	1050	4
2014June3 	88	1060	4
2014June3 	88	1070	1
2014June3 	88	1080	7
2014June3 	88	1090	1
2014June3 	88	1100	2
2014June3 	88	1140	3
2014June3 	88	1330	0
2014June3 	88	2604	1
2014June3 	88	2621	2
2014June3 	88	2624	1
2014June3 	88	3001	1
2014June3 	88	4404	0
2014June3 	88	4410	1
2014June3 	88	4420	1
2014June3 	88	4430	2
2014June3 	89	1030	13
2014June3 	89	1040	4
2014June3 	89	1050	4
2014June3 	89	1060	4
2014June3 	89	1070	1
2014June3 	89	1080	7
2014June3 	89	1090	1
2014June3 	89	1100	2
2014June3 	89	1140	3
2014June3 	89	1330	0
2014June3 	89	2604	1
2014June3 	89	2621	2
2014June3 	89	2624	1
2014June3 	89	3001	1
2014June3 	89	4401	0
2014June3 	89	4410	1
2014June3 	89	4420	1
2014June3 	89	4430	2
2014June3 	90	1030	12
2014June3 	90	1040	3
2014June3 	90	1050	3
2014June3 	90	1060	3
2014June3 	90	1070	3
2014June3 	90	1080	6
2014June3 	90	1090	3
2014June3 	90	1100	1
2014June3 	90	1150	2
2014June3 	90	1320	0
2014June3 	90	2604	1
2014June3 	90	2621	1
2014June3 	90	2624	3
2014June3 	90	3001	3
2014June3 	90	4410	1
2014June3 	90	4420	1
2014June3 	90	4430	1
2014June3 	91	1030	12
2014June3 	91	1040	3
2014June3 	91	1050	3
2014June3 	91	1060	3
2014June3 	91	1070	3
2014June3 	91	1080	6
2014June3 	91	1090	3
2014June3 	91	1100	1
2014June3 	91	1150	2
2014June3 	91	1320	0
2014June3 	91	2604	1
2014June3 	91	2621	1
2014June3 	91	2624	3
2014June3 	91	3001	3
2014June3 	91	4401	0
2014June3 	91	4410	1
2014June3 	91	4420	1
2014June3 	91	4430	1
2014June3 	92	1030	14
2014June3 	92	1040	5
2014June3 	92	1050	5
2014June3 	92	1060	5
2014June3 	92	1070	2
2014June3 	92	1080	1
2014June3 	92	1090	2
2014June3 	92	1100	1
2014June3 	92	1150	2
2014June3 	92	1340	0
2014June3 	92	2604	1
2014June3 	92	2621	1
2014June3 	92	2624	2
2014June3 	92	3001	2
2014June3 	92	4401	0
2014June3 	92	4410	1
2014June3 	92	4420	1
2014June3 	92	4430	1
2014June3 	93	1030	13
2014June3 	93	1040	4
2014June3 	93	1050	4
2014June3 	93	1060	4
2014June3 	93	1070	1
2014June3 	93	1080	7
2014June3 	93	1090	1
2014June3 	93	1100	2
2014June3 	93	1140	3
2014June3 	93	1330	0
2014June3 	93	2604	1
2014June3 	93	2621	2
2014June3 	93	2624	1
2014June3 	93	3001	1
2014June3 	93	4401	0
2014June3 	93	4410	1
2014June3 	93	4420	1
2014June3 	93	4430	2
2014June3 	94	1030	14
2014June3 	94	1040	5
2014June3 	94	1050	5
2014June3 	94	1060	5
2014June3 	94	1070	2
2014June3 	94	1080	1
2014June3 	94	1090	2
2014June3 	94	1100	1
2014June3 	94	1140	4
2014June3 	94	1340	0
2014June3 	94	2604	1
2014June3 	94	2621	1
2014June3 	94	2624	2
2014June3 	94	3001	2
2014June3 	94	4401	0
2014June3 	94	4410	1
2014June3 	94	4420	1
2014June3 	94	4430	1
2014June3 	95	1030	10
2014June3 	95	1040	1
2014June3 	95	1050	1
2014June3 	95	1060	1
2014June3 	95	1070	1
2014June3 	95	1080	4
2014June3 	95	1090	1
2014June3 	95	1100	2
2014June3 	95	1150	1
2014June3 	95	1310	0
2014June3 	99	2624	2
2014June3 	99	3001	1
2014June3 	99	4410	1
2014June3 	99	4420	1
2014June3 	99	4430	2
2014June3 	100	1030	10
2014June3 	100	1040	1
2014June3 	100	1050	1
2014June3 	100	1060	1
2014June3 	100	1070	1
2014June3 	100	1080	4
2014June3 	100	1090	1
2014June3 	100	1100	2
2014June3 	100	1130	3
2014June3 	100	1310	0
2014June3 	100	2604	1
2014June3 	100	2621	2
2014June3 	100	2624	2
2014June3 	100	3001	1
2014June3 	100	4410	1
2014June3 	100	4420	1
2014June3 	100	4430	2
2014June3 	101	1030	10
2014June3 	101	1040	1
2014June3 	101	1050	1
2014June3 	101	1060	1
2014June3 	101	1070	1
2014June3 	101	1080	4
2014June3 	101	1090	1
2014June3 	101	1100	2
2014June3 	101	1150	1
2014June3 	101	1200	0
2014June3 	101	1310	0
2014June3 	101	2604	1
2014June3 	101	2621	2
2014June3 	101	2624	2
2014June3 	101	3001	1
2014June3 	101	4410	1
2014June3 	101	4420	1
2014June3 	101	4430	2
2014June3 	56	4420	1
